352497664
357896192
357896192
357896192
357896192
358764544
359845888
359845888
360656896
362008576
362278912
363360256
363630592
364711936
365793280
365793280
366063616
366063616
366333952
366604288
367415296
367685632
367685632
370388992
371740672
371740672
373903360
375795712
376877056
379580416
379580416
379580416
379850752
382885888
383954944
384225280
386375680
387457024
391499776
392040448
395554816
396095488
628342784
628342784
628342784
628342784
628342784
628342784
628342784
628342784
628342784
2552770560
2552770560
2552770560
2552770560
2552770560
2552770560
2553040896
2553040896
2553040896