576460752303357768
4210648
576460752303357752
576460752303357736
7405608
576460752303357632
576460752303357784
576460752303357624
4210632
576460752303357847
576460752303357847
576460752303357624
576460752303357624
576460752303357612
576460752303357612
576460752303357592
576460752303357648
576460752303357611
4202469
576460752303357612
576460752303357612
576460752303357612
576460752303357592
576460752303357649
576460752303357611
4202487
576460752303357612
576460752303357612
576460752303357612
576460752303357592
576460752303357650
576460752303357611
4202548
576460752303357612
576460752303357612
576460752303357612
576460752303357592
576460752303357651
576460752303357611
4202654
576460752303357612
576460752303357612
576460752303357612
576460752303357592
576460752303357652
576460752303357611
4202539
576460752303357612
576460752303357612
576460752303357612
576460752303357592
576460752303357653
576460752303357611
4202500
576460752303357612
576460752303357612
576460752303357612
576460752303357592
576460752303357654
576460752303357611
4202427
576460752303357612
576460752303357612
576460752303357612
576460752303357592
576460752303357655
576460752303357611
4202516
576460752303357612
576460752303357612
576460752303357612
576460752303357592
576460752303357656
576460752303357611
4202455
576460752303357612
576460752303357612
576460752303357612
576460752303357592
576460752303357657
576460752303357611
4202639
576460752303357612
576460752303357612
576460752303357612
576460752303357592
576460752303357658
576460752303357611
4202511
576460752303357612
576460752303357612
576460752303357612
576460752303357592
576460752303357659
576460752303357611
4202416
576460752303357612
576460752303357612
576460752303357612
576460752303357592
576460752303357660
576460752303357611
4202599
576460752303357612
576460752303357612
576460752303357612
576460752303357592
576460752303357661
576460752303357611
4202416
576460752303357612
576460752303357612
576460752303357612
576460752303357592
576460752303357662
576460752303357611
4202400
576460752303357612
576460752303357612
576460752303357612
576460752303357592
576460752303357663
576460752303357611
4202603
576460752303357612
576460752303357612
576460752303357612
576460752303357592
576460752303357664
576460752303357611
4202573
576460752303357612
576460752303357612
576460752303357612
576460752303357592
576460752303357665
576460752303357611
4202506
576460752303357612
576460752303357612
576460752303357612
576460752303357592
576460752303357666
576460752303357611
4202565
576460752303357612
576460752303357612
576460752303357612
576460752303357592
576460752303357667
576460752303357611
4202422
576460752303357612
576460752303357612
576460752303357612
576460752303357592
576460752303357668
576460752303357611
4202513
576460752303357612
576460752303357612
576460752303357612
576460752303357592
576460752303357669
576460752303357611
4202579
576460752303357612
576460752303357612
576460752303357612
576460752303357592
576460752303357670
576460752303357611
4202646
576460752303357612
576460752303357612
576460752303357612
576460752303357592
576460752303357671
576460752303357611
4202502
576460752303357612
576460752303357612
576460752303357612
576460752303357592
576460752303357672
576460752303357611
4202433
576460752303357612
576460752303357612
576460752303357612
576460752303357592
576460752303357673
576460752303357611
4202632
576460752303357612
576460752303357612
576460752303357612
576460752303357592
576460752303357674
576460752303357611
4202449
576460752303357612
576460752303357612
576460752303357612
576460752303357592
576460752303357675
576460752303357611
4202498
576460752303357612
576460752303357612
576460752303357612
576460752303357592
576460752303357676
576460752303357611
4202407
576460752303357612
576460752303357612
576460752303357612
576460752303357592
576460752303357677
576460752303357611
4202559
576460752303357612
576460752303357612
576460752303357612
576460752303357592
576460752303357678
576460752303357611
4202471
576460752303357612
576460752303357612
576460752303357612
576460752303357592
576460752303357679
576460752303357611
4202575
576460752303357612
576460752303357612
576460752303357612
576460752303357592
576460752303357680
576460752303357611
4202489
576460752303357612
576460752303357612
576460752303357612
576460752303357592
576460752303357681
576460752303357611
4202528
576460752303357612
576460752303357612
576460752303357612
576460752303357592
576460752303357682
576460752303357611
4202627
576460752303357612
576460752303357612
576460752303357612
576460752303357592
576460752303357683
576460752303357611
4202523
576460752303357612
576460752303357612
576460752303357612
576460752303357592
576460752303357684
576460752303357611
4202528
576460752303357612
576460752303357612
576460752303357612
576460752303357592
576460752303357685
576460752303357611
4202627
576460752303357612
576460752303357612
576460752303357612
576460752303357592
576460752303357686
576460752303357611
4202523
576460752303357612
576460752303357612
576460752303357612
576460752303357592
576460752303357687
576460752303357611
4202528
576460752303357612
576460752303357612
576460752303357612
576460752303357592
576460752303357688
576460752303357611
4202627
576460752303357612
576460752303357612
576460752303357612
576460752303357592
576460752303357689
576460752303357611
4202523
576460752303357612
576460752303357612
576460752303357612
576460752303357592
576460752303357690
576460752303357611
4202528
576460752303357612
576460752303357612
576460752303357612
576460752303357592
576460752303357691
576460752303357611
4202627
576460752303357612
576460752303357612
576460752303357612
576460752303357592
576460752303357692
576460752303357611
4202523
576460752303357612
576460752303357612
576460752303357612
576460752303357592
576460752303357693
576460752303357611
4202528
576460752303357612
576460752303357612
576460752303357612
576460752303357592
576460752303357694
576460752303357611
4202627
576460752303357612
576460752303357612
576460752303357612
576460752303357592
576460752303357695
576460752303357611
4202523
576460752303357612
576460752303357612
576460752303357612
576460752303357592
576460752303357696
576460752303357611
4202528
576460752303357612
576460752303357612
576460752303357612
576460752303357592
576460752303357697
576460752303357611
4202627
576460752303357612
576460752303357612
576460752303357612
576460752303357592
576460752303357698
576460752303357611
4202523
576460752303357612
576460752303357612
576460752303357612
576460752303357592
576460752303357699
576460752303357611
4202528
576460752303357612
576460752303357612
576460752303357612
576460752303357592
576460752303357700
576460752303357611
4202627
576460752303357612
576460752303357612
576460752303357612
576460752303357592
576460752303357701
576460752303357611
4202523
576460752303357612
576460752303357612
576460752303357612
576460752303357592
576460752303357702
576460752303357611
4202528
576460752303357612
576460752303357612
576460752303357612
576460752303357592
576460752303357703
576460752303357611
4202627
576460752303357612
576460752303357612
576460752303357612
576460752303357592
576460752303357704
576460752303357611
4202523
576460752303357612
576460752303357612
576460752303357612
576460752303357592
576460752303357705
576460752303357611
4202528
576460752303357612
576460752303357612
576460752303357612
576460752303357592
576460752303357706
576460752303357611
4202627
576460752303357612
576460752303357612
576460752303357612
576460752303357592
576460752303357707
576460752303357611
4202523
576460752303357612
576460752303357612
576460752303357612
576460752303357592
576460752303357708
576460752303357611
4202528
576460752303357612
576460752303357612
576460752303357612
576460752303357592
576460752303357709
576460752303357611
4202627
576460752303357612
576460752303357612
576460752303357612
576460752303357592
576460752303357710
576460752303357611
4202523
576460752303357612
576460752303357612
576460752303357612
576460752303357592
576460752303357711
576460752303357611
4202528
576460752303357612
576460752303357612
576460752303357616
576460752303357624
576460752303357720
7405608
576460752303357728
576460752303357736