352616448
367775744
368046080
368046080
368316416
368316416
369991680
372965376
372965376
372965376
373235712
373506048
373776384
374046720
374317056
374317056
374317056
374587392
374587392
374857728
375939072
376209408
378642432
378642432
378912768
378912768
383238144
387293184
388374528
389996544
389996544
389996544
390537216
393330688
394129408
394399744
395198464
395468800
399249408
401141760
404115456
404656128
601612288
602177536
602177536
602988544
602988544
607854592
608124928
609206272
609476608
1582768128